763431264116416512
763431263545896960
763431264577728512
763431264061755392
763431265361993728
763431265177595905
763431265370505216
763431265660002304
763431265252945921
763431265743802368
763431265508859908
763431265701801984
763431266171645952
763431266158911488
763431265479516160
763431266347782145
763431264393322496
763431265437487104
763431266150526976
763431266918232065
763431267304140801
763431267362672640
763431267471880192
763431267744505856
763431267668938752
763431267501125632
763431267094454273
763431268289683457
763431268629479424
763431268587626496
763431268558200833
763431268914724864
763431268960837632
763431268402987008
763431267929038848
763431268935622656
763431269233491968
763431269376098304
763431270022012930
763431270063931392
763431270433030144
763431270089158657
763431270391091202
763431270005092352
763431269917036544
763431270013558784
763431268709175296
763431270877650944
763431270621716480
763431271045488640
763431271301312512
763431271104118784
763431271343194114
763431271569784832
763431271829762048
763431271754297344
763431271603310592
763431271817220100
763431271427039232
763431271699656704
763431271821258752
763431272165376001
763431271989063680
763431272127475712
763431271376617472
763431272433594368
763431271573913600
763431272102432768
763431273217916929
763431273486487552
763431273604014080
763431273016598528
763431273524137985
763431273427767297
763431273973121024
763431274027552768
763431273645748224
763431274388357120
763431274451263488
763431274283462656
763431274279084032
763431274342035458
763431274715504640
763431274295853056
763431274946162688
763431274728030208
763431274895683584
763431275109707777
763431274635628546
763431275222839296
763431275428401152
763431275617214465
763431275227078656
763431275327651840
763431274727878656
763431276019789824
763431275784908800
763431276279951362
763431275654852608
763431275944443908
763431276477083648
763431276317663232
763431276153933824
763431276737130497
763431276762296320
763431277043286016
763431276749594624
763431277156368384
763431276783161344
763431276741218305
763431277257117696
763431277609484288
763431277525540864
763431277915627521
763431278062374912
763431278083444736
763431278066606081
763431278121218048
763431278083321856
763431277684928512
763431278481805313
763431279094300673
763431279060811777
763431279148826624
763431279119462401
763431279346024449
763431279333302273
763431279236820992
763431279689863168
763431279920615425
763431279698116609
763431279857500160
763431279941423104
763431279597584384
763431279916310529
763431279681413120
763431280319094784
763431279651987456
763431280822411264
763431280264568832
763431280897818626
763431280990117888
763431280885264384
763431281216532480
763431280004440065
763431281208287232
763431281250095104
763431281266950144
763431281824763904
763431281560432640
763431280868335616
763431281921290240
763431281967435776
763431281866657792
763431282260967424
763431281791074304
763431282151788544
763431281665318912
763431280553885697
763431281988284417
763431282516824064
763431282617511936
763431281916981248
763431282831400960
763431282625830912
763431282835595264
763431283146063873
763431282617389056
763431282902568960
763431282869096448
763431282558636033
763431282919346176
763431283506765824
763431283380727809
763431283859095552
763431283611447296
763431284324589569
763431284446105600
763431284089716737
763431284102221824
763431284752453632
763431284685180928
763431284949585920
763431285390008320
763431285637472256
763431285645869057
763431285733949440
763431285750497280
763431285679394817
763431285855444992
763431286308495360
763431286333669376
763431286035783680
763431286417436672
763431286853734404
763431286694227968
763431286853738496
763431286044176384
763431286799118336
763431287033991169
763431286933299200
763431286304223232
763431286899814400
763431287227121664
763431287059193857
763431287973699584
763431287679877120
763431287898202112
763431287633960961
763431287793168384
763431288158248960
763431287986225153
763431288426594308
763431287503790080
763431288619565057
763431288640602112
763431288854511616
763431288418148357
763431288657285124
763431289068269568
763431289315856384
763431288829272064
763431290049789953
763431290196459520
763431289504436224
763431290267926529
763431290481836034
763431290452312064
763431290305519616
763431290901262336
763431290595057665
763431290729291776
763431290834153472
763431291123564544
763431291098271744
763431290880167936
763431291182198785
763431291102629888
763431291723378689
763431291366830080
763431292042117121
763431292113268736
763431292327251973
763431291916210180
763431292423856129
763431292302221316
763431292138496000
763431290385203200
763431292885237760
763431293115916290
763431292654477312
763431293187162112
763431292847349761
763431293073842176
763431292939755520
763431293069692930
763431292968931328
763431293480730624
763431292180520960
763431293887537152
763431292880814080
763431293510045696
763431293803651073
763431293971533824
763431293589811200
763431294021701632
763431293719760896
763431294734786561
763431295032655872
763431294747316224
763431295263338496
763431295573721089
763431295619833856
763431294411735041
763431295749857284
763431295380623361
763431295926108160
763431295930077184
763431295774896128
763431295636516864
763431295917568000
763431295623897088
763431296207052801
763431296227946496
763431295875776512
763431296244658176
763431296429195264
763431296253227009
763431296643244034
763431297058570240
763431296920150016
763431297272471552
763431297121419264
763431295968051200
763431296941121536
763431297410863109
763431297595441156
763431297444352000
763431297473654784
763431297532428288
763431297398091776
763431297582673920
763431297628844033
763431297976983552
763431298258075648
763431296672600065
763431298249715713
763431298685960192
763431298572562432
763431298606043138
763431299096846336
763431298929078272
763431299168239616
763431298971033600
763431299587645441
763431299684110336
763431299591831554
763431299440779264
763431299919015936
763431300317450240
763431300254564352
763431300841832448
763431300212543488
763431300573171712
763431301114392576
763431301026381825
763431301168844801
763431301361860609
763431301323960322
763431301806428160
763431300971626496
763431301546323968
763431301433229312
763431302129410049
763431302020292608
763431302368550914
763431302003462144
763431302469124096
763431302301413376
763431302536237056
763431302657892352
763431302930505728
763431302687174656
763431302586564608
763431302980898817
763431303148625920
763431303169642496
763431303140245504
763431303240835072
763431303123468288
763431303287013377
763431303463079938
763431303542808577
763431303844859905
763431304117547008
763431304864075777
763431305128345600
763431304872374272
763431305212067840
763431305002360832
763431305233039360
763431305124126720
763431305623310336
763431305640108032
763431305703030784
763431305732173825
763431306122317824
763431306172641281
763431306311176194
763431306718015489
763431306785091584
763431306839687168
763431306835423233
763431306579423232
763431306978029569
763431306881560576
763431306982203392
763431307053445121
763431307481346052
763431307028275200
763431307359752193
763431307514900481
763431307372335104
763431307590430721
763431307636604928
763431305962893312
763431308165021697
763431307598856192
763431308072738816
763431308383125504
763431308005605377
763431308433424388
763431308420902913
763431308634779648
763431308173291520
763431308546625536
763431308676562944
763431309050085377
763431308877893633
763431309486284801
763431308773040128
763431309402378241
763431309423157248
763431309628833793
763431309641474049
763431309133828096
763431309809254404
763431309314252800
763431305396690944
763431310178344961
763431310220075008
763431310417207297
763431310530490369
763431311075844096
763431310803120128
763431310929125376
763431310895386624
763431310060773378
763431310757027841
763431310043951104
763431311377780736
763431311893749760
763431311499468800
763431311965097988
763431312271245312
763431311293808641
763431312124354560
763431311553855488
763431312464093185
763431312111771648
763431312422215680
763431312354967552
763431312611041280
763431312350777344
763431312569040896
763431311906222080
763431312833163269
763431313261076481
763431312526938112
763431313340821504
763431313357479936
763431313370025984
763431313282138112
763431313030328320
763431313646821377
763431313894498304
763431313709957120
763431313701470208
763431313823105024
763431314620092417
763431314573840384
763431314804580352
763431314670223360
763431314884177920
763431315114831872
763431315530219521
763431315777683457
763431315555233792
763431315697967104
763431315110629376
763431315790233600
763431316121681922
763431315521826816
763431316419477504
763431316134113282
763431316444545026
763431315832274944
763431316733956096
763431316566138880
763431316700422144
763431316679380992
763431317061107712
763431316809322497
763431316842946560
763431317052817409
763431317006585856
763431317191221249
763431317010874368
763431317497344000
763431317853892609
763431317790945280
763431317673345024
763431317883068417
763431318302654464
763431318491373569
763431318432743425
763431318545989632
763431317581271040
763431318357217280
763431318382227457
763431318600421376
763431318474543104
763431318340313090
763431318629777408
763431319439376384
763431318617194497
763431319481163776
763431319657340928
763431320013811713
763431319741366272
763431320026394624
763431320081096704
763431320026353665
763431319921500161
763431319913107456
763431320265461760
763431319783235585
763431320408068097
763431320491917313
763431320747929600
763431320743804932
763431320823488512
763431320747847680
763431321133780993
763431320953430016
763431320626171904
763431320886403073
763431321372884992
763431321519656960
763431320521506820
763431321355988992
763431321364422657
763431321561628673
763431321406406656
763431321972510720
763431321687523328
763431322110926848
763431322236833792
763431322102530048
763431322056400896
763431322689933312
763431322719227904
763431322618437632
763431322765307905
763431322996076546
763431322689732608
763431323142729728
763431323524599809
763431323407097856
763431323084075008
763431322157146112
763431323516084224
763431324120154112
763431324237623296
763431324103258112
763431324434698240
763431323826397186
763431324401164288
763431324526927872
763431324451352577
763431324178784256
763431324875194368
763431324954820609
763431325227479040
763431325332144128
763431325391003649
763431325206360064
763431325676269568
763431325709721600
763431325986492417
763431326305386496
763431326242463744
763431326066192385
763431326259159041
763431326267629568
763431326171017216
763431326389145600
763431326212947968
763431326284324864
763431326372417536
763431326363951104
763431326707875840
763431327005872128
763431326875738113
763431327156867072
763431327433646080
763431327358214144
763431327299284992
763431327345446913
763431327689474048
763431327530094592
763431327769255937
763431327546781696
763431327832080385
763431328419352580
763431328326955009
763431328549314560
763431328582930432
763431328717078528
763431328750731264
763431329367199744
763431329321017345
763431329434374144
763431329669255169
763431329811861504
763431329681641472
763431330055122945
763431330029903872
763431330138947584
763431330336169984
763431330201866240
763431330197614593
763431330197622785
763431330323451904
763431330285690881
763431330243760128
763431330755514368
763431330742882304
763431331166429184
763431331321614336
763431331657383936
763431330994466816
763431331678318592
763431331569119232
763431330671538176
763431331917430784
763431331661348864
763431332202553344
763431331971948544
763431332475203584
763431332219269120
763431332353454080
763431332164739072
763431332458344448
763431332676505600
763431332428914689
763431332386963456
763431332814827520
763431332915482624
763431333469233153
763431333217447936
763431333313916928
763431332773068800
763431333565726722
763431333511258112
763431332827566080
763431333565693952
763431333079068672
763431333574090753
763431333423042560
763431333158854656
763431333423030272
763431333888684032
763431333817360384
763431333716570112
763431334329155584
763431334236741632
763431334551425024
763431335100817408
763431335000014848
763431334861795328
763431334559657984
763431335021150208
763431334996049921
763431335100899330
763431334844862465
763431334991847424
763431334937104384
763431335234904064
763431335109140482
763431334576463872
763431335826423808
763431335268495360
763431336115859456
763431335943733251
763431335461543936
763431336153448448
763431335843106816
763431336564580352
763431336761622528
763431336774242305
763431337260974080
763431337080549376
763431336765861888
763431337395097600
763431337491632133
763431337772642305
763431337470533632
763431337885917184
763431337692950528
763431338489810945
763431337944428545
763431338066210816
763431337961279488
763431338376650754
763431337500012544
763431338405834752
763431338560991232
763431338347159553
763431338984796160
763431338879750144
763431338238029825
763431338867200000
763431339026702336
763431337432711168
763431339303571456
763431338963705856
763431339458699264
763431339869765632
763431339760623617

